category	nb.overlaps	random.average	mapped.peaks.ratio	effect.size	p.significance	p.value	q.significance	q.value	e.significance	e.value
PLS,CTCF-bound	17400	874.02	0.553311921645944	4.31527720288408	15429.7391896268	0	15428.3333190434	0	15428.7849471173	0
pELS,CTCF-bound	22530	2330.98	0.232793626848245	3.27283878238286	13428.2565419165	0	13427.1517013288	0	13427.3022994071	0
dELS,CTCF-bound	31692	6848.65	0.113885295385942	2.21022716893416	10299.9828190501	0	10299.0540697215	0	10299.0285765407	0
dELS	42976	13008.29	0.0841149299303218	1.72409988430673	9293.05950086331	0	9292.25569027127	0	9292.10525835387	0
pELS	13903	1937.54	0.184767296600484	2.84309822251874	6705.71974359283	0	6705.01284301379	0	6704.76550108339	0
PLS	4374	256.45	0.463151207115629	4.09220374395814	3603.42199520198	0	3602.79427586899	0	3602.46775269254	0
DNase-H3K4me3,CTCF-bound	1011	196.94	0.121895346033277	2.3599549288787	367.20853096241	0	366.647758419054	0	366.254288452971	0
CTCF-only,CTCF-bound	2118	801.46	0.0590976310722955	1.40200016538698	324.401506532592	0	323.898725936213	0	323.447264023153	1.1125369292536e-308
DNase-H3K4me3	1097	430.45	0.0622340727293357	1.34964595313731	158.324673508007	4.73507096268961e-159	157.873045434076	1.33953654337358e-158	157.370430998568	4.26156386642063e-158
